                                                  2222222222222222222222222222222222222222222222222211111111111111111111111111111111111111111111111111
                                                  2222222222222222222222222222222222222222222222222211111111111111111111111111111111111111111111111111
                                                  2222222222222222222222222222222222222222222222222211111111111111111111111111111111111111111111111111
                                                  2222222222222222222222222222222222222222222222222211111111111111111111111111111111111111111111111111
                                                  2222222222222222222222222222222222222222222222222211111111111111111111111111111111111111111111111111
                                                  2222222222222222222222222222222222222222222222222211111111111111111111111111111111111111111111111111
                                                  2222222222222222222222222222222222222222222222222211111111111111111111111111111111111111111111111111
                                                  2222222222222222222222222222222222222222222222222211111111111111111111111111111111111111111111111111
                                                  2222222222222222222222222222222222222222222222222211111111111111111111111111111111111111111111111111
                                                  2222222222222222222222222222222222222222222222222211111111111111111111111111111111111111111111111111
                                                  2222222222222222222222222222222222222222222222222211111111111111111111111111111111111111111111111111
                                                  2222222222222222222222222222222222222222222222222211111111111111111111111111111111111111111111111111
                                                  2222222222222222222222222222222222222222222222222211111111111111111111111111111111111111111111111111
                                                  2222222222222222222222222222222222222222222222222211111111111111111111111111111111111111111111111111
                                                  2222222222222222222222222222222222222222222222222211111111111111111111111111111111111111111111111111
                                                  2222222222222222222222222222222222222222222222222211111111111111111111111111111111111111111111111111
                                                  2222222222222222222222222222222222222222222222222211111111111111111111111111111111111111111111111111
                                                  2222222222222222222222222222222222222222222222222211111111111111111111111111111111111111111111111111
                                                  2222222222222222222222222222222222222222222222222211111111111111111111111111111111111111111111111111
                                                  2222222222222222222222222222222222222222222222222211111111111111111111111111111111111111111111111111
                                                  2222222222222222222222222222222222222222222222222211111111111111111111111111111111111111111111111111
                                                  2222222222222222222222222222222222222222222222222211111111111111111111111111111111111111111111111111
                                                  2222222222222222222222222222222222222222222222222211111111111111111111111111111111111111111111111111
                                                  2222222222222222222222222222222222222222222222222211111111111111111111111111111111111111111111111111
                                                  2222222222222222222222222222222222222222222222222211111111111111111111111111111111111111111111111111
                                                  2222222222222222222222222222222222222222222222222211111111111111111111111111111111111111111111111111
                                                  2222222222222222222222222222222222222222222222222211111111111111111111111111111111111111111111111111
                                                  2222222222222222222222222222222222222222222222222211111111111111111111111111111111111111111111111111
                                                  2222222222222222222222222222222222222222222222222211111111111111111111111111111111111111111111111111
                                                  2222222222222222222222222222222222222222222222222211111111111111111111111111111111111111111111111111
                                                  2222222222222222222222222222222222222222222222222211111111111111111111111111111111111111111111111111
                                                  2222222222222222222222222222222222222222222222222211111111111111111111111111111111111111111111111111
                                                  2222222222222222222222222222222222222222222222222211111111111111111111111111111111111111111111111111
                                                  2222222222222222222222222222222222222222222222222211111111111111111111111111111111111111111111111111
                                                  2222222222222222222222222222222222222222222222222211111111111111111111111111111111111111111111111111
                                                  2222222222222222222222222222222222222222222222222211111111111111111111111111111111111111111111111111
                                                  2222222222222222222222222222222222222222222222222211111111111111111111111111111111111111111111111111
                                                  2222222222222222222222222222222222222222222222222211111111111111111111111111111111111111111111111111
                                                  2222222222222222222222222222222222222222222222222211111111111111111111111111111111111111111111111111
                                                  2222222222222222222222222222222222222222222222222211111111111111111111111111111111111111111111111111
                                                  2222222222222222222222222222222222222222222222222211111111111111111111111111111111111111111111111111
                                                  2222222222222222222222222222222222222222222222222211111111111111111111111111111111111111111111111111
                                                  2222222222222222222222222222222222222222222222222211111111111111111111111111111111111111111111111111
                                                  2222222222222222222222222222222222222222222222222211111111111111111111111111111111111111111111111111
                                                  2222222222222222222222222222222222222222222222222211111111111111111111111111111111111111111111111111
                                                  2222222222222222222222222222222222222222222222222211111111111111111111111111111111111111111111111111
                                                  2222222222222222222222222222222222222222222222222211111111111111111111111111111111111111111111111111
                                                  2222222222222222222222222222222222222222222222222211111111111111111111111111111111111111111111111111
                                                  2222222222222222222222222222222222222222222222222211111111111111111111111111111111111111111111111111
                                                  2222222222222222222222222222222222222222222222222211111111111111111111111111111111111111111111111111
                                                  33333333333333333333333333333333333333333333333333
                                                  33333333333333333333333333333333333333333333333333
                                                  33333333333333333333333333333333333333333333333333
                                                  33333333333333333333333333333333333333333333333333
                                                  33333333333333333333333333333333333333333333333333
                                                  33333333333333333333333333333333333333333333333333
                                                  33333333333333333333333333333333333333333333333333
                                                  33333333333333333333333333333333333333333333333333
                                                  33333333333333333333333333333333333333333333333333
                                                  33333333333333333333333333333333333333333333333333
                                                  33333333333333333333333333333333333333333333333333
                                                  33333333333333333333333333333333333333333333333333
                                                  33333333333333333333333333333333333333333333333333
                                                  33333333333333333333333333333333333333333333333333
                                                  33333333333333333333333333333333333333333333333333
                                                  33333333333333333333333333333333333333333333333333
                                                  33333333333333333333333333333333333333333333333333
                                                  33333333333333333333333333333333333333333333333333
                                                  33333333333333333333333333333333333333333333333333
                                                  33333333333333333333333333333333333333333333333333
                                                  33333333333333333333333333333333333333333333333333
                                                  33333333333333333333333333333333333333333333333333
                                                  33333333333333333333333333333333333333333333333333
                                                  33333333333333333333333333333333333333333333333333
                                                  33333333333333333333333333333333333333333333333333
                                                  33333333333333333333333333333333333333333333333333
                                                  33333333333333333333333333333333333333333333333333
                                                  33333333333333333333333333333333333333333333333333
                                                  33333333333333333333333333333333333333333333333333
                                                  33333333333333333333333333333333333333333333333333
                                                  33333333333333333333333333333333333333333333333333
                                                  33333333333333333333333333333333333333333333333333
                                                  33333333333333333333333333333333333333333333333333
                                                  33333333333333333333333333333333333333333333333333
                                                  33333333333333333333333333333333333333333333333333
                                                  33333333333333333333333333333333333333333333333333
                                                  33333333333333333333333333333333333333333333333333
                                                  33333333333333333333333333333333333333333333333333
                                                  33333333333333333333333333333333333333333333333333
                                                  33333333333333333333333333333333333333333333333333
                                                  33333333333333333333333333333333333333333333333333
                                                  33333333333333333333333333333333333333333333333333
                                                  33333333333333333333333333333333333333333333333333
                                                  33333333333333333333333333333333333333333333333333
                                                  33333333333333333333333333333333333333333333333333
                                                  33333333333333333333333333333333333333333333333333
                                                  33333333333333333333333333333333333333333333333333
                                                  33333333333333333333333333333333333333333333333333
                                                  33333333333333333333333333333333333333333333333333
                                                  33333333333333333333333333333333333333333333333333
5555555555555555555555555555555555555555555555555544444444444444444444444444444444444444444444444444
5555555555555555555555555555555555555555555555555544444444444444444444444444444444444444444444444444
5555555555555555555555555555555555555555555555555544444444444444444444444444444444444444444444444444
5555555555555555555555555555555555555555555555555544444444444444444444444444444444444444444444444444
5555555555555555555555555555555555555555555555555544444444444444444444444444444444444444444444444444
5555555555555555555555555555555555555555555555555544444444444444444444444444444444444444444444444444
5555555555555555555555555555555555555555555555555544444444444444444444444444444444444444444444444444
5555555555555555555555555555555555555555555555555544444444444444444444444444444444444444444444444444
5555555555555555555555555555555555555555555555555544444444444444444444444444444444444444444444444444
5555555555555555555555555555555555555555555555555544444444444444444444444444444444444444444444444444
5555555555555555555555555555555555555555555555555544444444444444444444444444444444444444444444444444
5555555555555555555555555555555555555555555555555544444444444444444444444444444444444444444444444444
5555555555555555555555555555555555555555555555555544444444444444444444444444444444444444444444444444
5555555555555555555555555555555555555555555555555544444444444444444444444444444444444444444444444444
5555555555555555555555555555555555555555555555555544444444444444444444444444444444444444444444444444
5555555555555555555555555555555555555555555555555544444444444444444444444444444444444444444444444444
5555555555555555555555555555555555555555555555555544444444444444444444444444444444444444444444444444
5555555555555555555555555555555555555555555555555544444444444444444444444444444444444444444444444444
5555555555555555555555555555555555555555555555555544444444444444444444444444444444444444444444444444
5555555555555555555555555555555555555555555555555544444444444444444444444444444444444444444444444444
5555555555555555555555555555555555555555555555555544444444444444444444444444444444444444444444444444
5555555555555555555555555555555555555555555555555544444444444444444444444444444444444444444444444444
5555555555555555555555555555555555555555555555555544444444444444444444444444444444444444444444444444
5555555555555555555555555555555555555555555555555544444444444444444444444444444444444444444444444444
5555555555555555555555555555555555555555555555555544444444444444444444444444444444444444444444444444
5555555555555555555555555555555555555555555555555544444444444444444444444444444444444444444444444444
5555555555555555555555555555555555555555555555555544444444444444444444444444444444444444444444444444
5555555555555555555555555555555555555555555555555544444444444444444444444444444444444444444444444444
5555555555555555555555555555555555555555555555555544444444444444444444444444444444444444444444444444
5555555555555555555555555555555555555555555555555544444444444444444444444444444444444444444444444444
5555555555555555555555555555555555555555555555555544444444444444444444444444444444444444444444444444
5555555555555555555555555555555555555555555555555544444444444444444444444444444444444444444444444444
5555555555555555555555555555555555555555555555555544444444444444444444444444444444444444444444444444
5555555555555555555555555555555555555555555555555544444444444444444444444444444444444444444444444444
5555555555555555555555555555555555555555555555555544444444444444444444444444444444444444444444444444
5555555555555555555555555555555555555555555555555544444444444444444444444444444444444444444444444444
5555555555555555555555555555555555555555555555555544444444444444444444444444444444444444444444444444
5555555555555555555555555555555555555555555555555544444444444444444444444444444444444444444444444444
5555555555555555555555555555555555555555555555555544444444444444444444444444444444444444444444444444
5555555555555555555555555555555555555555555555555544444444444444444444444444444444444444444444444444
5555555555555555555555555555555555555555555555555544444444444444444444444444444444444444444444444444
5555555555555555555555555555555555555555555555555544444444444444444444444444444444444444444444444444
5555555555555555555555555555555555555555555555555544444444444444444444444444444444444444444444444444
5555555555555555555555555555555555555555555555555544444444444444444444444444444444444444444444444444
5555555555555555555555555555555555555555555555555544444444444444444444444444444444444444444444444444
5555555555555555555555555555555555555555555555555544444444444444444444444444444444444444444444444444
5555555555555555555555555555555555555555555555555544444444444444444444444444444444444444444444444444
5555555555555555555555555555555555555555555555555544444444444444444444444444444444444444444444444444
5555555555555555555555555555555555555555555555555544444444444444444444444444444444444444444444444444
5555555555555555555555555555555555555555555555555544444444444444444444444444444444444444444444444444
66666666666666666666666666666666666666666666666666
66666666666666666666666666666666666666666666666666
66666666666666666666666666666666666666666666666666
66666666666666666666666666666666666666666666666666
66666666666666666666666666666666666666666666666666
66666666666666666666666666666666666666666666666666
66666666666666666666666666666666666666666666666666
66666666666666666666666666666666666666666666666666
66666666666666666666666666666666666666666666666666
66666666666666666666666666666666666666666666666666
66666666666666666666666666666666666666666666666666
66666666666666666666666666666666666666666666666666
66666666666666666666666666666666666666666666666666
66666666666666666666666666666666666666666666666666
66666666666666666666666666666666666666666666666666
66666666666666666666666666666666666666666666666666
66666666666666666666666666666666666666666666666666
66666666666666666666666666666666666666666666666666
66666666666666666666666666666666666666666666666666
66666666666666666666666666666666666666666666666666
66666666666666666666666666666666666666666666666666
66666666666666666666666666666666666666666666666666
66666666666666666666666666666666666666666666666666
66666666666666666666666666666666666666666666666666
66666666666666666666666666666666666666666666666666
66666666666666666666666666666666666666666666666666
66666666666666666666666666666666666666666666666666
66666666666666666666666666666666666666666666666666
66666666666666666666666666666666666666666666666666
66666666666666666666666666666666666666666666666666
66666666666666666666666666666666666666666666666666
66666666666666666666666666666666666666666666666666
66666666666666666666666666666666666666666666666666
66666666666666666666666666666666666666666666666666
66666666666666666666666666666666666666666666666666
66666666666666666666666666666666666666666666666666
66666666666666666666666666666666666666666666666666
66666666666666666666666666666666666666666666666666
66666666666666666666666666666666666666666666666666
66666666666666666666666666666666666666666666666666
66666666666666666666666666666666666666666666666666
66666666666666666666666666666666666666666666666666
66666666666666666666666666666666666666666666666666
66666666666666666666666666666666666666666666666666
66666666666666666666666666666666666666666666666666
66666666666666666666666666666666666666666666666666
66666666666666666666666666666666666666666666666666
66666666666666666666666666666666666666666666666666
66666666666666666666666666666666666666666666666666
66666666666666666666666666666666666666666666666666
